  0.5887E+00  0.1731E+08 -0.7507E+05 -0.1660E+09  0.1785E+05  0.7759E+03 -0.4109E+04  0.9142E+02 -0.1332E+03
  0.6000E+00  0.1561E+08 -0.6970E+05 -0.1506E+09  0.1652E+05  0.7310E+03 -0.3828E+04  0.8992E+02 -0.1316E+03
  0.6113E+00  0.1407E+08 -0.6488E+05 -0.1365E+09  0.1528E+05  0.6892E+03 -0.3569E+04  0.8844E+02 -0.1301E+03
  0.6226E+00  0.1268E+08 -0.6046E+05 -0.1237E+09  0.1413E+05  0.6502E+03 -0.3331E+04  0.8698E+02 -0.1286E+03
  0.6339E+00  0.1142E+08 -0.5637E+05 -0.1120E+09  0.1306E+05  0.6137E+03 -0.3112E+04  0.8553E+02 -0.1271E+03
  0.6452E+00  0.1028E+08 -0.5257E+05 -0.1014E+09  0.1207E+05  0.5797E+03 -0.2909E+04  0.8410E+02 -0.1256E+03
  0.6566E+00  0.9246E+07 -0.4905E+05 -0.9168E+08  0.1115E+05  0.5478E+03 -0.2722E+04  0.8269E+02 -0.1241E+03
  0.6679E+00  0.8315E+07 -0.4578E+05 -0.8289E+08  0.1030E+05  0.5180E+03 -0.2549E+04  0.8129E+02 -0.1226E+03
  0.6792E+00  0.7474E+07 -0.4274E+05 -0.7490E+08  0.9506E+04  0.4901E+03 -0.2389E+04  0.7991E+02 -0.1211E+03
  0.6905E+00  0.6716E+07 -0.3992E+05 -0.6765E+08  0.8773E+04  0.4639E+03 -0.2240E+04  0.7855E+02 -0.1196E+03
  0.7018E+00  0.6032E+07 -0.3731E+05 -0.6106E+08  0.8093E+04  0.4393E+03 -0.2103E+04  0.7721E+02 -0.1182E+03
  0.7131E+00  0.5416E+07 -0.3491E+05 -0.5510E+08  0.7465E+04  0.4163E+03 -0.1975E+04  0.7588E+02 -0.1167E+03
  0.7245E+00  0.4860E+07 -0.3270E+05 -0.4969E+08  0.6883E+04  0.3946E+03 -0.1856E+04  0.7456E+02 -0.1153E+03
  0.7358E+00  0.4360E+07 -0.3064E+05 -0.4479E+08  0.6344E+04  0.3743E+03 -0.1745E+04  0.7327E+02 -0.1138E+03
  0.7471E+00  0.3910E+07 -0.2871E+05 -0.4035E+08  0.5846E+04  0.3551E+03 -0.1642E+04  0.7199E+02 -0.1124E+03
  0.7584E+00  0.3505E+07 -0.2692E+05 -0.3633E+08  0.5386E+04  0.3371E+03 -0.1546E+04  0.7072E+02 -0.1110E+03
  0.7697E+00  0.3141E+07 -0.2524E+05 -0.3270E+08  0.4961E+04  0.3201E+03 -0.1456E+04  0.6948E+02 -0.1096E+03
  0.7810E+00  0.2814E+07 -0.2367E+05 -0.2942E+08  0.4568E+04  0.3041E+03 -0.1373E+04  0.6824E+02 -0.1082E+03
  0.7924E+00  0.2521E+07 -0.2221E+05 -0.2646E+08  0.4205E+04  0.2890E+03 -0.1295E+04  0.6703E+02 -0.1068E+03
  0.8037E+00  0.2257E+07 -0.2085E+05 -0.2378E+08  0.3871E+04  0.2748E+03 -0.1222E+04  0.6583E+02 -0.1054E+03
  0.8150E+00  0.2020E+07 -0.1957E+05 -0.2137E+08  0.3562E+04  0.2613E+03 -0.1153E+04  0.6464E+02 -0.1041E+03
  0.8263E+00  0.1808E+07 -0.1838E+05 -0.1919E+08  0.3277E+04  0.2486E+03 -0.1089E+04  0.6347E+02 -0.1027E+03
  0.8376E+00  0.1617E+07 -0.1727E+05 -0.1723E+08  0.3014E+04  0.2367E+03 -0.1030E+04  0.6232E+02 -0.1013E+03
  0.8489E+00  0.1447E+07 -0.1623E+05 -0.1546E+08  0.2772E+04  0.2253E+03 -0.9735E+03  0.6118E+02 -0.1000E+03
  0.8603E+00  0.1294E+07 -0.1525E+05 -0.1387E+08  0.2549E+04  0.2146E+03 -0.9208E+03  0.6005E+02 -0.9867E+02
  0.8716E+00  0.1157E+07 -0.1434E+05 -0.1244E+08  0.2344E+04  0.2045E+03 -0.8714E+03  0.5895E+02 -0.9735E+02
  0.8829E+00  0.1034E+07 -0.1349E+05 -0.1115E+08  0.2155E+04  0.1949E+03 -0.8250E+03  0.5785E+02 -0.9604E+02
  0.8942E+00  0.9244E+06 -0.1270E+05 -0.9990E+07  0.1981E+04  0.1858E+03 -0.7814E+03  0.5677E+02 -0.9474E+02
  0.9055E+00  0.8262E+06 -0.1195E+05 -0.8949E+07  0.1821E+04  0.1772E+03 -0.7403E+03  0.5571E+02 -0.9344E+02
  0.9168E+00  0.7384E+06 -0.1126E+05 -0.8015E+07  0.1673E+04  0.1690E+03 -0.7018E+03  0.5466E+02 -0.9216E+02
  0.9281E+00  0.6599E+06 -0.1061E+05 -0.7175E+07  0.1538E+04  0.1613E+03 -0.6655E+03  0.5362E+02 -0.9088E+02
  0.9395E+00  0.5897E+06 -0.9997E+04 -0.6422E+07  0.1414E+04  0.1540E+03 -0.6313E+03  0.5260E+02 -0.8962E+02
  0.9508E+00  0.5270E+06 -0.9425E+04 -0.5747E+07  0.1299E+04  0.1470E+03 -0.5991E+03  0.5159E+02 -0.8836E+02
  0.9621E+00  0.4710E+06 -0.8890E+04 -0.5141E+07  0.1194E+04  0.1404E+03 -0.5687E+03  0.5060E+02 -0.8711E+02
  0.9734E+00  0.4209E+06 -0.8389E+04 -0.4598E+07  0.1097E+04  0.1341E+03 -0.5401E+03  0.4962E+02 -0.8587E+02
  0.9847E+00  0.3762E+06 -0.7919E+04 -0.4112E+07  0.1009E+04  0.1282E+03 -0.5130E+03  0.4866E+02 -0.8465E+02
  0.9960E+00  0.3363E+06 -0.7479E+04 -0.3677E+07  0.9270E+03  0.1225E+03 -0.4875E+03  0.4771E+02 -0.8343E+02
  0.1007E+01  0.3007E+06 -0.7076E+04 -0.3287E+07  0.8522E+03  0.1171E+03 -0.4664E+03  0.4677E+02 -0.8222E+02
  0.1019E+01  0.2688E+06 -0.6702E+04 -0.2938E+07  0.7835E+03  0.1119E+03 -0.4476E+03  0.4584E+02 -0.8102E+02
  0.1030E+01  0.2404E+06 -0.6352E+04 -0.2626E+07  0.7204E+03  0.1070E+03 -0.4294E+03  0.4493E+02 -0.7983E+02
  0.1041E+01  0.2151E+06 -0.6023E+04 -0.2347E+07  0.6625E+03  0.1022E+03 -0.4118E+03  0.4404E+02 -0.7864E+02
  0.1053E+01  0.1924E+06 -0.5713E+04 -0.2097E+07  0.6094E+03  0.9766E+02 -0.3948E+03  0.4315E+02 -0.7747E+02
  0.1064E+01  0.1722E+06 -0.5419E+04 -0.1874E+07  0.5607E+03  0.9328E+02 -0.3784E+03  0.4228E+02 -0.7631E+02
  0.1075E+01  0.1542E+06 -0.5141E+04 -0.1675E+07  0.5159E+03  0.8909E+02 -0.3626E+03  0.4143E+02 -0.7515E+02
  0.1087E+01  0.1381E+06 -0.4878E+04 -0.1497E+07  0.4748E+03  0.8508E+02 -0.3474E+03  0.4058E+02 -0.7401E+02
  0.1098E+01  0.1237E+06 -0.4629E+04 -0.1338E+07  0.4372E+03  0.8123E+02 -0.3327E+03  0.3975E+02 -0.7287E+02
  0.1109E+01  0.1109E+06 -0.4394E+04 -0.1196E+07  0.4026E+03  0.7754E+02 -0.3185E+03  0.3893E+02 -0.7175E+02
  0.1121E+01  0.9943E+05 -0.4172E+04 -0.1069E+07  0.3708E+03  0.7402E+02 -0.3049E+03  0.3813E+02 -0.7063E+02
  0.1132E+01  0.8919E+05 -0.3962E+04 -0.9555E+06  0.3417E+03  0.7064E+02 -0.2918E+03  0.3734E+02 -0.6952E+02
  0.1143E+01  0.8004E+05 -0.3765E+04 -0.8543E+06  0.3149E+03  0.6741E+02 -0.2792E+03  0.3656E+02 -0.6843E+02
  0.1154E+01  0.7186E+05 -0.3579E+04 -0.7640E+06  0.2904E+03  0.6432E+02 -0.2670E+03  0.3579E+02 -0.6734E+02
  0.1166E+01  0.6454E+05 -0.3418E+04 -0.6833E+06  0.2678E+03  0.6137E+02 -0.2553E+03  0.3503E+02 -0.6626E+02
  0.1177E+01  0.5800E+05 -0.3265E+04 -0.6113E+06  0.2471E+03  0.5854E+02 -0.2441E+03  0.3429E+02 -0.6519E+02
  0.1188E+01  0.5215E+05 -0.3121E+04 -0.5470E+06  0.2280E+03  0.5584E+02 -0.2333E+03  0.3356E+02 -0.6413E+02
  0.1200E+01  0.4691E+05 -0.2985E+04 -0.4896E+06  0.2105E+03  0.5326E+02 -0.2230E+03  0.3284E+02 -0.6308E+02
  0.1211E+01  0.4221E+05 -0.2855E+04 -0.4383E+06  0.1944E+03  0.5079E+02 -0.2130E+03  0.3213E+02 -0.6204E+02
  0.1222E+01  0.3801E+05 -0.2730E+04 -0.3926E+06  0.1796E+03  0.4844E+02 -0.2035E+03  0.3143E+02 -0.6100E+02
  0.1234E+01  0.3424E+05 -0.2609E+04 -0.3517E+06  0.1660E+03  0.4618E+02 -0.1944E+03  0.3075E+02 -0.5998E+02
  0.1245E+01  0.3086E+05 -0.2498E+04 -0.3152E+06  0.1535E+03  0.4404E+02 -0.1856E+03  0.3007E+02 -0.5897E+02
  0.1256E+01  0.2783E+05 -0.2391E+04 -0.2826E+06  0.1419E+03  0.4198E+02 -0.1772E+03  0.2941E+02 -0.5796E+02
  0.1268E+01  0.2510E+05 -0.2287E+04 -0.2536E+06  0.1313E+03  0.4002E+02 -0.1691E+03  0.2876E+02 -0.5697E+02
  0.1279E+01  0.2266E+05 -0.2187E+04 -0.2276E+06  0.1215E+03  0.3815E+02 -0.1614E+03  0.2812E+02 -0.5598E+02
  0.1290E+01  0.2047E+05 -0.2090E+04 -0.2044E+06  0.1125E+03  0.3637E+02 -0.1540E+03  0.2750E+02 -0.5500E+02
  0.1302E+01  0.1849E+05 -0.1998E+04 -0.1836E+06  0.1042E+03  0.3467E+02 -0.1469E+03  0.2688E+02 -0.5404E+02
  0.1313E+01  0.1672E+05 -0.1909E+04 -0.1651E+06  0.9656E+02  0.3304E+02 -0.1402E+03  0.2627E+02 -0.5308E+02
  0.1324E+01  0.1512E+05 -0.1823E+04 -0.1486E+06  0.8949E+02  0.3149E+02 -0.1337E+03  0.2568E+02 -0.5213E+02
  0.1336E+01  0.1368E+05 -0.1741E+04 -0.1337E+06  0.8296E+02  0.3002E+02 -0.1275E+03  0.2509E+02 -0.5119E+02
  0.1347E+01  0.1239E+05 -0.1663E+04 -0.1205E+06  0.7693E+02  0.2861E+02 -0.1216E+03  0.2452E+02 -0.5026E+02
  0.1358E+01  0.1122E+05 -0.1589E+04 -0.1087E+06  0.7136E+02  0.2726E+02 -0.1159E+03  0.2396E+02 -0.4934E+02
  0.1369E+01  0.1016E+05 -0.1519E+04 -0.9807E+05  0.6620E+02  0.2598E+02 -0.1105E+03  0.2340E+02 -0.4843E+02
  0.1381E+01  0.9210E+04 -0.1452E+04 -0.8858E+05  0.6143E+02  0.2476E+02 -0.1053E+03  0.2286E+02 -0.4753E+02
  0.1392E+01  0.8347E+04 -0.1389E+04 -0.8007E+05  0.5700E+02  0.2360E+02 -0.1003E+03  0.2233E+02 -0.4663E+02
  0.1403E+01  0.7567E+04 -0.1328E+04 -0.7243E+05  0.5290E+02  0.2249E+02 -0.9562E+02  0.2180E+02 -0.4575E+02
  0.1415E+01  0.6860E+04 -0.1271E+04 -0.6555E+05  0.4910E+02  0.2144E+02 -0.9111E+02  0.2129E+02 -0.4488E+02
  0.1426E+01  0.6220E+04 -0.1215E+04 -0.5937E+05  0.4557E+02  0.2043E+02 -0.8680E+02  0.2079E+02 -0.4401E+02
  0.1437E+01  0.5639E+04 -0.1162E+04 -0.5380E+05  0.4229E+02  0.1947E+02 -0.8269E+02  0.2030E+02 -0.4316E+02
  0.1449E+01  0.5112E+04 -0.1111E+04 -0.4879E+05  0.3924E+02  0.1856E+02 -0.7877E+02  0.1981E+02 -0.4231E+02
  0.1460E+01  0.4634E+04 -0.1063E+04 -0.4425E+05  0.3640E+02  0.1769E+02 -0.7502E+02  0.1934E+02 -0.4147E+02
  0.1471E+01  0.4200E+04 -0.1018E+04 -0.4012E+05  0.3377E+02  0.1686E+02 -0.7145E+02  0.1887E+02 -0.4065E+02
  0.1483E+01  0.3806E+04 -0.9746E+03 -0.3637E+05  0.3132E+02  0.1607E+02 -0.6804E+02  0.1842E+02 -0.3983E+02
  0.1494E+01  0.3449E+04 -0.9326E+03 -0.3296E+05  0.2904E+02  0.1532E+02 -0.6480E+02  0.1797E+02 -0.3902E+02
  0.1505E+01  0.3124E+04 -0.8920E+03 -0.2987E+05  0.2692E+02  0.1460E+02 -0.6170E+02  0.1753E+02 -0.3822E+02
  0.1517E+01  0.2830E+04 -0.8530E+03 -0.2706E+05  0.2495E+02  0.1392E+02 -0.5875E+02  0.1711E+02 -0.3743E+02
  0.1528E+01  0.2564E+04 -0.8154E+03 -0.2451E+05  0.2313E+02  0.1327E+02 -0.5593E+02  0.1669E+02 -0.3665E+02
  0.1539E+01  0.2322E+04 -0.7793E+03 -0.2219E+05  0.2143E+02  0.1265E+02 -0.5325E+02  0.1628E+02 -0.3588E+02
  0.1551E+01  0.2103E+04 -0.7445E+03 -0.2009E+05  0.1985E+02  0.1207E+02 -0.5069E+02  0.1587E+02 -0.3512E+02
  0.1562E+01  0.1904E+04 -0.7112E+03 -0.1818E+05  0.1839E+02  0.1151E+02 -0.4826E+02  0.1548E+02 -0.3437E+02
  0.1573E+01  0.1723E+04 -0.6795E+03 -0.1646E+05  0.1703E+02  0.1097E+02 -0.4594E+02  0.1510E+02 -0.3362E+02
  0.1584E+01  0.1560E+04 -0.6494E+03 -0.1489E+05  0.1576E+02  0.1047E+02 -0.4373E+02  0.1472E+02 -0.3289E+02
  0.1596E+01  0.1412E+04 -0.6207E+03 -0.1347E+05  0.1459E+02  0.9983E+01 -0.4163E+02  0.1435E+02 -0.3216E+02
  0.1607E+01  0.1278E+04 -0.5934E+03 -0.1219E+05  0.1350E+02  0.9524E+01 -0.3962E+02  0.1399E+02 -0.3145E+02
  0.1618E+01  0.1156E+04 -0.5675E+03 -0.1102E+05  0.1249E+02  0.9086E+01 -0.3771E+02  0.1364E+02 -0.3074E+02
  0.1630E+01  0.1046E+04 -0.5428E+03 -0.9964E+04  0.1155E+02  0.8670E+01 -0.3590E+02  0.1330E+02 -0.3005E+02
  0.1641E+01  0.9461E+03 -0.5193E+03 -0.9008E+04  0.1068E+02  0.8273E+01 -0.3417E+02  0.1296E+02 -0.2936E+02
  0.1652E+01  0.8556E+03 -0.4968E+03 -0.8141E+04  0.9869E+01  0.7896E+01 -0.3252E+02  0.1263E+02 -0.2868E+02
  0.1664E+01  0.7735E+03 -0.4753E+03 -0.7357E+04  0.9118E+01  0.7537E+01 -0.3096E+02  0.1231E+02 -0.2801E+02
  0.1675E+01  0.6992E+03 -0.4545E+03 -0.6647E+04  0.8421E+01  0.7195E+01 -0.2947E+02  0.1200E+02 -0.2735E+02
  0.1686E+01  0.6318E+03 -0.4346E+03 -0.6005E+04  0.7774E+01  0.6870E+01 -0.2805E+02  0.1169E+02 -0.2670E+02
  0.1698E+01  0.5708E+03 -0.4155E+03 -0.5423E+04  0.7173E+01  0.6560E+01 -0.2670E+02  0.1139E+02 -0.2606E+02
  0.1709E+01  0.5155E+03 -0.3970E+03 -0.4895E+04  0.6615E+01  0.6265E+01 -0.2541E+02  0.1110E+02 -0.2543E+02
  0.1720E+01  0.4654E+03 -0.3792E+03 -0.4416E+04  0.6098E+01  0.5985E+01 -0.2419E+02  0.1082E+02 -0.2481E+02
  0.1732E+01  0.4201E+03 -0.3620E+03 -0.3980E+04  0.5618E+01  0.5718E+01 -0.2303E+02  0.1054E+02 -0.2420E+02
  0.1743E+01  0.3790E+03 -0.3454E+03 -0.3585E+04  0.5173E+01  0.5463E+01 -0.2192E+02  0.1027E+02 -0.2359E+02
  0.1754E+01  0.3419E+03 -0.3295E+03 -0.3227E+04  0.4761E+01  0.5221E+01 -0.2087E+02  0.1001E+02 -0.2300E+02
  0.1766E+01  0.3084E+03 -0.3143E+03 -0.2902E+04  0.4379E+01  0.4991E+01 -0.1987E+02  0.9751E+01 -0.2241E+02
  0.1777E+01  0.2780E+03 -0.2996E+03 -0.2608E+04  0.4026E+01  0.4771E+01 -0.1892E+02  0.9500E+01 -0.2184E+02
  0.1788E+01  0.2507E+03 -0.2856E+03 -0.2342E+04  0.3699E+01  0.4562E+01 -0.1801E+02  0.9256E+01 -0.2127E+02
  0.1799E+01  0.2259E+03 -0.2721E+03 -0.2101E+04  0.3396E+01  0.4363E+01 -0.1715E+02  0.9019E+01 -0.2072E+02
  0.1811E+01  0.2036E+03 -0.2593E+03 -0.1883E+04  0.3117E+01  0.4174E+01 -0.1633E+02  0.8787E+01 -0.2017E+02
  0.1822E+01  0.1835E+03 -0.2471E+03 -0.1687E+04  0.2858E+01  0.3994E+01 -0.1556E+02  0.8562E+01 -0.1963E+02
  0.1833E+01  0.1653E+03 -0.2355E+03 -0.1509E+04  0.2619E+01  0.3822E+01 -0.1481E+02  0.8343E+01 -0.1910E+02
  0.1845E+01  0.1489E+03 -0.2245E+03 -0.1350E+04  0.2399E+01  0.3658E+01 -0.1411E+02  0.8130E+01 -0.1858E+02
  0.1856E+01  0.1342E+03 -0.2141E+03 -0.1205E+04  0.2195E+01  0.3502E+01 -0.1344E+02  0.7922E+01 -0.1807E+02
  0.1867E+01  0.1208E+03 -0.2042E+03 -0.1076E+04  0.2008E+01  0.3354E+01 -0.1280E+02  0.7721E+01 -0.1757E+02
  0.1879E+01  0.1088E+03 -0.1949E+03 -0.9589E+03  0.1835E+01  0.3212E+01 -0.1220E+02  0.7525E+01 -0.1708E+02
  0.1890E+01  0.9804E+02 -0.1862E+03 -0.8539E+03  0.1675E+01  0.3078E+01 -0.1162E+02  0.7334E+01 -0.1660E+02
  0.1901E+01  0.8831E+02 -0.1780E+03 -0.7595E+03  0.1528E+01  0.2949E+01 -0.1107E+02  0.7149E+01 -0.1613E+02
  0.1913E+01  0.7954E+02 -0.1702E+03 -0.6748E+03  0.1393E+01  0.2827E+01 -0.1055E+02  0.6969E+01 -0.1566E+02
  0.1924E+01  0.7164E+02 -0.1629E+03 -0.5988E+03  0.1268E+01  0.2711E+01 -0.1005E+02  0.6795E+01 -0.1521E+02
  0.1935E+01  0.6452E+02 -0.1559E+03 -0.5307E+03  0.1154E+01  0.2599E+01 -0.9581E+01  0.6625E+01 -0.1476E+02
  0.1947E+01  0.5811E+02 -0.1494E+03 -0.4697E+03  0.1048E+01  0.2494E+01 -0.9132E+01  0.6460E+01 -0.1433E+02
  0.1958E+01  0.5233E+02 -0.1432E+03 -0.4150E+03  0.9512E+00  0.2393E+01 -0.8705E+01  0.6301E+01 -0.1390E+02
  0.1969E+01  0.4712E+02 -0.1373E+03 -0.3662E+03  0.8621E+00  0.2297E+01 -0.8298E+01  0.6146E+01 -0.1348E+02
  0.1981E+01  0.4242E+02 -0.1318E+03 -0.3226E+03  0.7803E+00  0.2205E+01 -0.7912E+01  0.5996E+01 -0.1308E+02
  0.1992E+01  0.3819E+02 -0.1267E+03 -0.2836E+03  0.7051E+00  0.2117E+01 -0.7544E+01  0.5850E+01 -0.1268E+02
  0.2003E+01  0.3436E+02 -0.1217E+03 -0.2489E+03  0.6360E+00  0.2034E+01 -0.7194E+01  0.5709E+01 -0.1229E+02
  0.2014E+01  0.3091E+02 -0.1169E+03 -0.2179E+03  0.5727E+00  0.1955E+01 -0.6861E+01  0.5572E+01 -0.1191E+02
  0.2026E+01  0.2779E+02 -0.1123E+03 -0.1904E+03  0.5146E+00  0.1879E+01 -0.6544E+01  0.5439E+01 -0.1154E+02
  0.2037E+01  0.2497E+02 -0.1078E+03 -0.1659E+03  0.4612E+00  0.1806E+01 -0.6243E+01  0.5310E+01 -0.1118E+02
  0.2048E+01  0.2242E+02 -0.1035E+03 -0.1441E+03  0.4124E+00  0.1737E+01 -0.5956E+01  0.5186E+01 -0.1083E+02
  0.2060E+01  0.2011E+02 -0.9974E+02 -0.1248E+03  0.3676E+00  0.1671E+01 -0.5804E+01  0.5065E+01 -0.1049E+02
  0.2071E+01  0.1802E+02 -0.9609E+02 -0.1077E+03  0.3265E+00  0.1606E+01 -0.5667E+01  0.4948E+01 -0.1015E+02
  0.2082E+01  0.1612E+02 -0.9249E+02 -0.9251E+02  0.2889E+00  0.1543E+01 -0.5523E+01  0.4835E+01 -0.9831E+01
  0.2094E+01  0.1439E+02 -0.8894E+02 -0.7909E+02  0.2545E+00  0.1481E+01 -0.5373E+01  0.4726E+01 -0.9516E+01
  0.2105E+01  0.1283E+02 -0.8543E+02 -0.6724E+02  0.2229E+00  0.1421E+01 -0.5217E+01  0.4620E+01 -0.9212E+01
  0.2116E+01  0.1140E+02 -0.8194E+02 -0.5679E+02  0.1940E+00  0.1363E+01 -0.5055E+01  0.4517E+01 -0.8916E+01
  0.2128E+01  0.1011E+02 -0.7847E+02 -0.4759E+02  0.1676E+00  0.1307E+01 -0.4886E+01  0.4418E+01 -0.8630E+01
  0.2139E+01  0.8936E+01 -0.7505E+02 -0.3949E+02  0.1434E+00  0.1252E+01 -0.4711E+01  0.4322E+01 -0.8353E+01
  0.2150E+01  0.7867E+01 -0.7169E+02 -0.3239E+02  0.1213E+00  0.1200E+01 -0.4530E+01  0.4229E+01 -0.8086E+01
  0.2162E+01  0.6895E+01 -0.6841E+02 -0.2616E+02  0.1011E+00  0.1150E+01 -0.4342E+01  0.4139E+01 -0.7828E+01
  0.2173E+01  0.6011E+01 -0.6520E+02 -0.2071E+02  0.8259E-01  0.1102E+01 -0.4149E+01  0.4052E+01 -0.7579E+01
  0.2184E+01  0.5208E+01 -0.6206E+02 -0.1596E+02  0.6567E-01  0.1056E+01 -0.3949E+01  0.3967E+01 -0.7340E+01
  0.2196E+01  0.4479E+01 -0.5898E+02 -0.1182E+02  0.5021E-01  0.1013E+01 -0.3742E+01  0.3886E+01 -0.7109E+01
  0.2207E+01  0.3816E+01 -0.5598E+02 -0.8224E+01  0.3607E-01  0.9714E+00 -0.3534E+01  0.3807E+01 -0.6889E+01
  0.2218E+01  0.3215E+01 -0.5309E+02 -0.5110E+01  0.2314E-01  0.9325E+00 -0.3338E+01  0.3730E+01 -0.6677E+01
  0.2229E+01  0.2669E+01 -0.5034E+02 -0.2421E+01  0.1132E-01  0.8958E+00 -0.3158E+01  0.3655E+01 -0.6475E+01
  0.2241E+01  0.2173E+01 -0.4772E+02 -0.1075E+00  0.5193E-03  0.8610E+00 -0.2992E+01  0.3583E+01 -0.6282E+01
  0.2252E+01  0.1723E+01 -0.4528E+02  0.1876E+01 -0.9360E-02  0.8280E+00 -0.2841E+01  0.3513E+01 -0.6099E+01
  0.2263E+01  0.1314E+01 -0.4300E+02  0.3569E+01 -0.1839E-01  0.7967E+00 -0.2705E+01  0.3445E+01 -0.5925E+01
  0.2275E+01  0.9408E+00 -0.4088E+02  0.5007E+01 -0.2666E-01  0.7668E+00 -0.2583E+01  0.3379E+01 -0.5760E+01
  0.2286E+01  0.6006E+00 -0.3893E+02  0.6221E+01 -0.3422E-01  0.7381E+00 -0.2477E+01  0.3315E+01 -0.5604E+01
  0.2297E+01  0.2894E+00 -0.3713E+02  0.7240E+01 -0.4114E-01  0.7106E+00 -0.2385E+01  0.3252E+01 -0.5458E+01
  0.2309E+01  0.4058E-02 -0.3548E+02  0.8089E+01 -0.4748E-01  0.6841E+00 -0.2305E+01  0.3191E+01 -0.5321E+01
  0.2320E+01 -0.2583E+00 -0.3394E+02  0.8789E+01 -0.5328E-01  0.6585E+00 -0.2227E+01  0.3132E+01 -0.5194E+01
  0.2331E+01 -0.5001E+00 -0.3251E+02  0.9361E+01 -0.5860E-01  0.6337E+00 -0.2152E+01  0.3074E+01 -0.5076E+01
  0.2343E+01 -0.7234E+00 -0.3118E+02  0.9822E+01 -0.6348E-01  0.6098E+00 -0.2081E+01  0.3017E+01 -0.4967E+01
  0.2354E+01 -0.9299E+00 -0.2991E+02  0.1019E+02 -0.6796E-01  0.5866E+00 -0.2011E+01  0.2961E+01 -0.4867E+01
  0.2365E+01 -0.1121E+01 -0.2871E+02  0.1047E+02 -0.7207E-01  0.5642E+00 -0.1945E+01  0.2907E+01 -0.4777E+01
  0.2377E+01 -0.1300E+01 -0.2799E+02  0.1068E+02 -0.7585E-01  0.5426E+00 -0.1881E+01  0.2853E+01 -0.4696E+01
  0.2388E+01 -0.1471E+01 -0.2735E+02  0.1084E+02 -0.7933E-01  0.5216E+00 -0.1820E+01  0.2800E+01 -0.4625E+01
  0.2399E+01 -0.1635E+01 -0.2672E+02  0.1094E+02 -0.8254E-01  0.5014E+00 -0.1762E+01  0.2748E+01 -0.4563E+01
  0.2411E+01 -0.1791E+01 -0.2609E+02  0.1101E+02 -0.8549E-01  0.4818E+00 -0.1705E+01  0.2697E+01 -0.4506E+01
  0.2422E+01 -0.1940E+01 -0.2546E+02  0.1103E+02 -0.8822E-01  0.4628E+00 -0.1650E+01  0.2646E+01 -0.4450E+01
  0.2433E+01 -0.2083E+01 -0.2482E+02  0.1102E+02 -0.9074E-01  0.4444E+00 -0.1596E+01  0.2596E+01 -0.4394E+01
  0.2445E+01 -0.2219E+01 -0.2417E+02  0.1098E+02 -0.9307E-01  0.4267E+00 -0.1543E+01  0.2547E+01 -0.4338E+01
  0.2456E+01 -0.2349E+01 -0.2350E+02  0.1091E+02 -0.9523E-01  0.4095E+00 -0.1490E+01  0.2498E+01 -0.4283E+01
  0.2467E+01 -0.2473E+01 -0.2282E+02  0.1083E+02 -0.9723E-01  0.3929E+00 -0.1439E+01  0.2450E+01 -0.4228E+01
  0.2478E+01 -0.2591E+01 -0.2213E+02  0.1073E+02 -0.9908E-01  0.3769E+00 -0.1389E+01  0.2402E+01 -0.4173E+01
  0.2490E+01 -0.2703E+01 -0.2142E+02  0.1061E+02 -0.1008E+00  0.3615E+00 -0.1340E+01  0.2355E+01 -0.4119E+01
  0.2501E+01 -0.2808E+01 -0.2069E+02  0.1048E+02 -0.1024E+00  0.3466E+00 -0.1292E+01  0.2309E+01 -0.4065E+01
  0.2512E+01 -0.2908E+01 -0.1996E+02  0.1035E+02 -0.1039E+00  0.3322E+00 -0.1246E+01  0.2263E+01 -0.4011E+01
  0.2524E+01 -0.3001E+01 -0.1921E+02  0.1021E+02 -0.1053E+00  0.3184E+00 -0.1203E+01  0.2218E+01 -0.3958E+01
  0.2535E+01 -0.3089E+01 -0.1846E+02  0.1007E+02 -0.1066E+00  0.3050E+00 -0.1163E+01  0.2174E+01 -0.3905E+01
  0.2546E+01 -0.3170E+01 -0.1770E+02  0.9922E+01 -0.1078E+00  0.2920E+00 -0.1126E+01  0.2130E+01 -0.3853E+01
  0.2558E+01 -0.3245E+01 -0.1697E+02  0.9770E+01 -0.1090E+00  0.2795E+00 -0.1092E+01  0.2087E+01 -0.3801E+01
  0.2569E+01 -0.3314E+01 -0.1627E+02  0.9615E+01 -0.1101E+00  0.2673E+00 -0.1061E+01  0.2044E+01 -0.3749E+01
  0.2580E+01 -0.3378E+01 -0.1562E+02  0.9458E+01 -0.1111E+00  0.2555E+00 -0.1033E+01  0.2002E+01 -0.3697E+01
  0.2592E+01 -0.3437E+01 -0.1500E+02  0.9299E+01 -0.1121E+00  0.2439E+00 -0.1008E+01  0.1960E+01 -0.3646E+01
  0.2603E+01 -0.3492E+01 -0.1442E+02  0.9141E+01 -0.1130E+00  0.2326E+00 -0.9855E+00  0.1919E+01 -0.3595E+01
  0.2614E+01 -0.3543E+01 -0.1387E+02  0.8983E+01 -0.1138E+00  0.2216E+00 -0.9637E+00  0.1879E+01 -0.3545E+01
  0.2626E+01 -0.3590E+01 -0.1335E+02  0.8827E+01 -0.1147E+00  0.2108E+00 -0.9417E+00  0.1839E+01 -0.3495E+01
  0.2637E+01 -0.3633E+01 -0.1288E+02  0.8673E+01 -0.1155E+00  0.2003E+00 -0.9194E+00  0.1800E+01 -0.3445E+01
  0.2648E+01 -0.3673E+01 -0.1245E+02  0.8523E+01 -0.1162E+00  0.1900E+00 -0.8968E+00  0.1761E+01 -0.3396E+01
  0.2660E+01 -0.3711E+01 -0.1205E+02  0.8376E+01 -0.1169E+00  0.1800E+00 -0.8739E+00  0.1723E+01 -0.3347E+01
  0.2671E+01 -0.3746E+01 -0.1168E+02  0.8233E+01 -0.1176E+00  0.1702E+00 -0.8508E+00  0.1685E+01 -0.3298E+01
  0.2682E+01 -0.3779E+01 -0.1131E+02  0.8095E+01 -0.1183E+00  0.1607E+00 -0.8273E+00  0.1648E+01 -0.3250E+01
  0.2693E+01 -0.3810E+01 -0.1094E+02  0.7962E+01 -0.1190E+00  0.1515E+00 -0.8036E+00  0.1612E+01 -0.3202E+01
  0.2705E+01 -0.3838E+01 -0.1058E+02  0.7834E+01 -0.1196E+00  0.1426E+00 -0.7797E+00  0.1576E+01 -0.3155E+01
  0.2716E+01 -0.3865E+01 -0.1023E+02  0.7713E+01 -0.1202E+00  0.1339E+00 -0.7560E+00  0.1540E+01 -0.3107E+01
  0.2727E+01 -0.3888E+01 -0.9893E+01  0.7598E+01 -0.1208E+00  0.1254E+00 -0.7325E+00  0.1506E+01 -0.3060E+01
  0.2739E+01 -0.3910E+01 -0.9563E+01  0.7489E+01 -0.1214E+00  0.1173E+00 -0.7094E+00  0.1471E+01 -0.3014E+01
  0.2750E+01 -0.3929E+01 -0.9243E+01  0.7387E+01 -0.1220E+00  0.1094E+00 -0.6867E+00  0.1437E+01 -0.2968E+01
  0.2761E+01 -0.3947E+01 -0.8935E+01  0.7292E+01 -0.1226E+00  0.1017E+00 -0.6642E+00  0.1404E+01 -0.2922E+01
  0.2773E+01 -0.3962E+01 -0.8636E+01  0.7205E+01 -0.1231E+00  0.9436E-01 -0.6420E+00  0.1371E+01 -0.2876E+01
  0.2784E+01 -0.3975E+01 -0.8345E+01  0.7122E+01 -0.1237E+00  0.8722E-01 -0.6202E+00  0.1339E+01 -0.2831E+01
  0.2795E+01 -0.3986E+01 -0.8060E+01  0.7039E+01 -0.1243E+00  0.8032E-01 -0.5986E+00  0.1307E+01 -0.2786E+01
  0.2807E+01 -0.3996E+01 -0.7779E+01  0.6958E+01 -0.1249E+00  0.7367E-01 -0.5773E+00  0.1276E+01 -0.2742E+01
  0.2818E+01 -0.4003E+01 -0.7502E+01  0.6878E+01 -0.1254E+00  0.6726E-01 -0.5557E+00  0.1245E+01 -0.2698E+01
  0.2829E+01 -0.4008E+01 -0.7229E+01  0.6799E+01 -0.1260E+00  0.6109E-01 -0.5338E+00  0.1215E+01 -0.2654E+01
  0.2841E+01 -0.4011E+01 -0.6959E+01  0.6722E+01 -0.1266E+00  0.5518E-01 -0.5116E+00  0.1185E+01 -0.2611E+01
  0.2852E+01 -0.4013E+01 -0.6694E+01  0.6647E+01 -0.1271E+00  0.4951E-01 -0.4891E+00  0.1156E+01 -0.2568E+01
  0.2863E+01 -0.4013E+01 -0.6436E+01  0.6574E+01 -0.1277E+00  0.4411E-01 -0.4663E+00  0.1127E+01 -0.2525E+01
  0.2875E+01 -0.4010E+01 -0.6185E+01  0.6502E+01 -0.1283E+00  0.3896E-01 -0.4432E+00  0.1099E+01 -0.2483E+01
  0.2886E+01 -0.4006E+01 -0.5939E+01  0.6432E+01 -0.1289E+00  0.3408E-01 -0.4198E+00  0.1071E+01 -0.2441E+01
  0.2897E+01 -0.4001E+01 -0.5702E+01  0.6364E+01 -0.1295E+00  0.2946E-01 -0.3961E+00  0.1043E+01 -0.2399E+01
  0.2908E+01 -0.3994E+01 -0.5476E+01  0.6298E+01 -0.1301E+00  0.2511E-01 -0.3720E+00  0.1016E+01 -0.2358E+01
  0.2920E+01 -0.3985E+01 -0.5263E+01  0.6234E+01 -0.1308E+00  0.2104E-01 -0.3477E+00  0.9899E+00 -0.2317E+01
  0.2931E+01 -0.3975E+01 -0.5061E+01  0.6172E+01 -0.1314E+00  0.1725E-01 -0.3230E+00  0.9639E+00 -0.2276E+01
  0.2942E+01 -0.3963E+01 -0.4871E+01  0.6112E+01 -0.1320E+00  0.1373E-01 -0.2981E+00  0.9384E+00 -0.2236E+01
  0.2954E+01 -0.3950E+01 -0.4694E+01  0.6055E+01 -0.1327E+00  0.1050E-01 -0.2728E+00  0.9133E+00 -0.2196E+01
  0.2965E+01 -0.3937E+01 -0.4528E+01  0.6000E+01 -0.1334E+00  0.7559E-02 -0.2472E+00  0.8887E+00 -0.2157E+01
  0.2976E+01 -0.3922E+01 -0.4373E+01  0.5946E+01 -0.1341E+00  0.4908E-02 -0.2214E+00  0.8645E+00 -0.2118E+01
  0.2988E+01 -0.3906E+01 -0.4225E+01  0.5894E+01 -0.1348E+00  0.2551E-02 -0.1952E+00  0.8408E+00 -0.2079E+01
  0.2999E+01 -0.3889E+01 -0.4084E+01  0.5842E+01 -0.1355E+00  0.4918E-03 -0.1687E+00  0.8174E+00 -0.2040E+01
  0.3010E+01 -0.3871E+01 -0.3949E+01  0.5790E+01 -0.1363E+00 -0.1268E-02 -0.1426E+00  0.7946E+00 -0.2002E+01
  0.3022E+01 -0.3853E+01 -0.3818E+01  0.5739E+01 -0.1370E+00 -0.2742E-02 -0.1180E+00  0.7721E+00 -0.1965E+01
  0.3033E+01 -0.3834E+01 -0.3690E+01  0.5689E+01 -0.1378E+00 -0.3945E-02 -0.9493E-01  0.7501E+00 -0.1927E+01
  0.3044E+01 -0.3814E+01 -0.3565E+01  0.5639E+01 -0.1386E+00 -0.4896E-02 -0.7329E-01  0.7285E+00 -0.1890E+01
  0.3056E+01 -0.3793E+01 -0.3443E+01  0.5589E+01 -0.1395E+00 -0.5610E-02 -0.5313E-01  0.7073E+00 -0.1853E+01
  0.3067E+01 -0.3772E+01 -0.3324E+01  0.5540E+01 -0.1403E+00 -0.6104E-02 -0.3444E-01  0.6866E+00 -0.1817E+01
  0.3078E+01 -0.3750E+01 -0.3209E+01  0.5492E+01 -0.1412E+00 -0.6395E-02 -0.1723E-01  0.6662E+00 -0.1781E+01
  0.3090E+01 -0.3727E+01 -0.3097E+01  0.5444E+01 -0.1421E+00 -0.6499E-02 -0.1491E-02  0.6463E+00 -0.1745E+01
  0.3101E+01 -0.3704E+01 -0.2987E+01  0.5396E+01 -0.1430E+00 -0.6434E-02  0.1277E-01  0.6267E+00 -0.1710E+01
  0.3112E+01 -0.3680E+01 -0.2881E+01  0.5349E+01 -0.1439E+00 -0.6216E-02  0.2556E-01  0.6076E+00 -0.1675E+01
  0.3123E+01 -0.3655E+01 -0.2779E+01  0.5303E+01 -0.1449E+00 -0.5861E-02  0.3687E-01  0.5888E+00 -0.1641E+01
  0.3135E+01 -0.3630E+01 -0.2681E+01  0.5257E+01 -0.1459E+00 -0.5387E-02  0.4670E-01  0.5704E+00 -0.1606E+01
  0.3146E+01 -0.3605E+01 -0.2588E+01  0.5212E+01 -0.1469E+00 -0.4810E-02  0.5506E-01  0.5524E+00 -0.1572E+01
  0.3157E+01 -0.3579E+01 -0.2500E+01  0.5167E+01 -0.1480E+00 -0.4146E-02  0.6194E-01  0.5348E+00 -0.1539E+01
  0.3169E+01 -0.3553E+01 -0.2417E+01  0.5123E+01 -0.1491E+00 -0.3413E-02  0.6735E-01  0.5176E+00 -0.1506E+01
  0.3180E+01 -0.3526E+01 -0.2339E+01  0.5079E+01 -0.1502E+00 -0.2628E-02  0.7129E-01  0.5008E+00 -0.1473E+01
  0.3191E+01 -0.3499E+01 -0.2267E+01  0.5036E+01 -0.1514E+00 -0.1806E-02  0.7374E-01  0.4843E+00 -0.1440E+01
  0.3203E+01 -0.3472E+01 -0.2199E+01  0.4993E+01 -0.1525E+00 -0.9642E-03  0.7473E-01  0.4682E+00 -0.1408E+01
  0.3214E+01 -0.3444E+01 -0.2136E+01  0.4951E+01 -0.1537E+00 -0.1200E-03  0.7423E-01  0.4524E+00 -0.1376E+01
  0.3225E+01 -0.3416E+01 -0.2078E+01  0.4909E+01 -0.1550E+00  0.7103E-03  0.7227E-01  0.4370E+00 -0.1345E+01
  0.3237E+01 -0.3389E+01 -0.2025E+01  0.4868E+01 -0.1563E+00  0.1510E-02  0.6882E-01  0.4220E+00 -0.1314E+01
  0.3248E+01 -0.3361E+01 -0.1977E+01  0.4827E+01 -0.1576E+00  0.2262E-02  0.6390E-01  0.4073E+00 -0.1283E+01
  0.3259E+01 -0.3333E+01 -0.1931E+01  0.4787E+01 -0.1589E+00  0.2951E-02  0.5751E-01  0.3929E+00 -0.1253E+01
  0.3271E+01 -0.3305E+01 -0.1888E+01  0.4747E+01 -0.1603E+00  0.3558E-02  0.4964E-01  0.3789E+00 -0.1223E+01
  0.3282E+01 -0.3277E+01 -0.1849E+01  0.4708E+01 -0.1618E+00  0.4069E-02  0.4029E-01  0.3652E+00 -0.1193E+01
  0.3293E+01 -0.3249E+01 -0.1813E+01  0.4669E+01 -0.1632E+00  0.4465E-02  0.2947E-01  0.3519E+00 -0.1164E+01
  0.3305E+01 -0.3221E+01 -0.1780E+01  0.4630E+01 -0.1647E+00  0.4730E-02  0.1734E-01  0.3389E+00 -0.1135E+01
  0.3316E+01 -0.3193E+01 -0.1744E+01  0.4592E+01 -0.1663E+00  0.4858E-02  0.5403E-02  0.3262E+00 -0.1107E+01
  0.3327E+01 -0.3165E+01 -0.1705E+01  0.4554E+01 -0.1679E+00  0.4855E-02 -0.5965E-02  0.3138E+00 -0.1079E+01
  0.3338E+01 -0.3137E+01 -0.1662E+01  0.4517E+01 -0.1695E+00  0.4725E-02 -0.1677E-01  0.3018E+00 -0.1051E+01
  0.3350E+01 -0.3109E+01 -0.1617E+01  0.4480E+01 -0.1712E+00  0.4477E-02 -0.2700E-01  0.2900E+00 -0.1023E+01
  0.3361E+01 -0.3081E+01 -0.1568E+01  0.4444E+01 -0.1729E+00  0.4116E-02 -0.3667E-01  0.2786E+00 -0.9964E+00
  0.3372E+01 -0.3053E+01 -0.1517E+01  0.4407E+01 -0.1747E+00  0.3649E-02 -0.4577E-01  0.2675E+00 -0.9697E+00
  0.3384E+01 -0.3024E+01 -0.1463E+01  0.4371E+01 -0.1765E+00  0.3083E-02 -0.5431E-01  0.2567E+00 -0.9433E+00
  0.3395E+01 -0.2996E+01 -0.1405E+01  0.4336E+01 -0.1784E+00  0.2423E-02 -0.6228E-01  0.2461E+00 -0.9174E+00
  0.3406E+01 -0.2967E+01 -0.1345E+01  0.4301E+01 -0.1803E+00  0.1675E-02 -0.6968E-01  0.2359E+00 -0.8918E+00
  0.3418E+01 -0.2938E+01 -0.1282E+01  0.4266E+01 -0.1823E+00  0.8477E-03 -0.7651E-01  0.2260E+00 -0.8665E+00
  0.3429E+01 -0.2908E+01 -0.1216E+01  0.4231E+01 -0.1843E+00 -0.5412E-04 -0.8278E-01  0.2163E+00 -0.8416E+00
  0.3440E+01 -0.2879E+01 -0.1147E+01  0.4197E+01 -0.1864E+00 -0.1024E-02 -0.8848E-01  0.2069E+00 -0.8171E+00
  0.3452E+01 -0.2849E+01 -0.1075E+01  0.4163E+01 -0.1885E+00 -0.2055E-02 -0.9362E-01  0.1978E+00 -0.7929E+00
  0.3463E+01 -0.2818E+01 -0.1000E+01  0.4129E+01 -0.1907E+00 -0.3140E-02 -0.9819E-01  0.1890E+00 -0.7691E+00
  0.3474E+01 -0.2787E+01 -0.9247E+00  0.4095E+01 -0.1929E+00 -0.4275E-02 -0.1022E+00  0.1804E+00 -0.7457E+00
  0.3486E+01 -0.2756E+01 -0.8514E+00  0.4062E+01 -0.1953E+00 -0.5451E-02 -0.1056E+00  0.1721E+00 -0.7226E+00
  0.3497E+01 -0.2724E+01 -0.7806E+00  0.4029E+01 -0.1976E+00 -0.6663E-02 -0.1085E+00  0.1640E+00 -0.6999E+00
  0.3508E+01 -0.2692E+01 -0.7123E+00  0.3996E+01 -0.2001E+00 -0.7904E-02 -0.1108E+00  0.1562E+00 -0.6776E+00
  0.3520E+01 -0.2660E+01 -0.6463E+00  0.3963E+01 -0.2026E+00 -0.9169E-02 -0.1125E+00  0.1487E+00 -0.6556E+00
  0.3531E+01 -0.2627E+01 -0.5828E+00  0.3931E+01 -0.2051E+00 -0.1045E-01 -0.1137E+00  0.1414E+00 -0.6340E+00
  0.3542E+01 -0.2594E+01 -0.5216E+00  0.3899E+01 -0.2078E+00 -0.1174E-01 -0.1143E+00  0.1344E+00 -0.6127E+00
  0.3553E+01 -0.2561E+01 -0.4629E+00  0.3866E+01 -0.2105E+00 -0.1303E-01 -0.1143E+00  0.1275E+00 -0.5918E+00
  0.3565E+01 -0.2528E+01 -0.4066E+00  0.3834E+01 -0.2133E+00 -0.1433E-01 -0.1138E+00  0.1210E+00 -0.5713E+00
  0.3576E+01 -0.2494E+01 -0.3528E+00  0.3803E+01 -0.2161E+00 -0.1561E-01 -0.1127E+00  0.1146E+00 -0.5511E+00
  0.3587E+01 -0.2460E+01 -0.3013E+00  0.3771E+01 -0.2191E+00 -0.1687E-01 -0.1111E+00  0.1085E+00 -0.5313E+00
  0.3599E+01 -0.2426E+01 -0.2523E+00  0.3739E+01 -0.2221E+00 -0.1812E-01 -0.1088E+00  0.1026E+00 -0.5118E+00
  0.3610E+01 -0.2392E+01 -0.2057E+00  0.3708E+01 -0.2252E+00 -0.1934E-01 -0.1060E+00  0.9690E-01 -0.4927E+00
  0.3621E+01 -0.2357E+01 -0.1615E+00  0.3677E+01 -0.2284E+00 -0.2052E-01 -0.1027E+00  0.9143E-01 -0.4740E+00
  0.3633E+01 -0.2323E+01 -0.1197E+00  0.3645E+01 -0.2316E+00 -0.2166E-01 -0.9874E-01  0.8617E-01 -0.4557E+00
  0.3644E+01 -0.2288E+01 -0.8032E-01  0.3614E+01 -0.2350E+00 -0.2275E-01 -0.9424E-01  0.8111E-01 -0.4377E+00
  0.3655E+01 -0.2254E+01 -0.4337E-01  0.3583E+01 -0.2384E+00 -0.2379E-01 -0.8918E-01  0.7626E-01 -0.4200E+00
  0.3667E+01 -0.2219E+01 -0.8839E-02  0.3552E+01 -0.2420E+00 -0.2477E-01 -0.8355E-01  0.7161E-01 -0.4028E+00
  0.3678E+01 -0.2184E+01  0.2327E-01  0.3521E+01 -0.2456E+00 -0.2568E-01 -0.7735E-01  0.6714E-01 -0.3859E+00
  0.3689E+01 -0.2149E+01  0.5297E-01  0.3490E+01 -0.2493E+00 -0.2651E-01 -0.7059E-01  0.6287E-01 -0.3693E+00
  0.3701E+01 -0.2115E+01  0.8024E-01  0.3460E+01 -0.2532E+00 -0.2727E-01 -0.6326E-01  0.5879E-01 -0.3531E+00
  0.3712E+01 -0.2080E+01  0.1036E+00  0.3429E+01 -0.2571E+00 -0.2794E-01 -0.5580E-01  0.5488E-01 -0.3373E+00
  0.3723E+01 -0.2045E+01  0.1218E+00  0.3398E+01 -0.2612E+00 -0.2854E-01 -0.4856E-01  0.5115E-01 -0.3218E+00
  0.3735E+01 -0.2011E+01  0.1349E+00  0.3367E+01 -0.2654E+00 -0.2904E-01 -0.4154E-01  0.4759E-01 -0.3067E+00
  0.3746E+01 -0.1977E+01  0.1428E+00  0.3337E+01 -0.2696E+00 -0.2948E-01 -0.3475E-01  0.4421E-01 -0.2920E+00
  0.3757E+01 -0.1943E+01  0.1455E+00  0.3306E+01 -0.2740E+00 -0.2983E-01 -0.2817E-01  0.4098E-01 -0.2776E+00
  0.3768E+01 -0.1909E+01  0.1431E+00  0.3275E+01 -0.2786E+00 -0.3011E-01 -0.2182E-01  0.3792E-01 -0.2636E+00
  0.3780E+01 -0.1876E+01  0.1354E+00  0.3245E+01 -0.2832E+00 -0.3033E-01 -0.1569E-01  0.3502E-01 -0.2500E+00
  0.3791E+01 -0.1843E+01  0.1226E+00  0.3214E+01 -0.2880E+00 -0.3047E-01 -0.9782E-02  0.3226E-01 -0.2367E+00
  0.3802E+01 -0.1810E+01  0.1045E+00  0.3184E+01 -0.2929E+00 -0.3055E-01 -0.4095E-02  0.2966E-01 -0.2238E+00
  0.3814E+01 -0.1778E+01  0.8156E-01  0.3153E+01 -0.2980E+00 -0.3056E-01  0.1370E-02  0.2720E-01 -0.2112E+00
  0.3825E+01 -0.1747E+01  0.5795E-01  0.3123E+01 -0.3032E+00 -0.3052E-01  0.6613E-02  0.2488E-01 -0.1990E+00
  0.3836E+01 -0.1716E+01  0.3527E-01  0.3092E+01 -0.3086E+00 -0.3042E-01  0.1163E-01  0.2269E-01 -0.1872E+00
  0.3848E+01 -0.1686E+01  0.1353E-01  0.3062E+01 -0.3141E+00 -0.3026E-01  0.1643E-01  0.2064E-01 -0.1757E+00
  0.3859E+01 -0.1656E+01 -0.7289E-02  0.3031E+01 -0.3198E+00 -0.3004E-01  0.2101E-01  0.1871E-01 -0.1646E+00
  0.3870E+01 -0.1626E+01 -0.2717E-01  0.3001E+01 -0.3256E+00 -0.2978E-01  0.2537E-01  0.1691E-01 -0.1539E+00
  0.3882E+01 -0.1598E+01 -0.4612E-01  0.2970E+01 -0.3316E+00 -0.2947E-01  0.2950E-01  0.1523E-01 -0.1435E+00
  0.3893E+01 -0.1569E+01 -0.6414E-01  0.2940E+01 -0.3378E+00 -0.2911E-01  0.3342E-01  0.1366E-01 -0.1335E+00
  0.3904E+01 -0.1541E+01 -0.8123E-01  0.2909E+01 -0.3442E+00 -0.2872E-01  0.3711E-01  0.1221E-01 -0.1238E+00
  0.3916E+01 -0.1514E+01 -0.9739E-01  0.2879E+01 -0.3508E+00 -0.2828E-01  0.4058E-01  0.1086E-01 -0.1145E+00
  0.3927E+01 -0.1487E+01 -0.1126E+00  0.2848E+01 -0.3576E+00 -0.2780E-01  0.4383E-01  0.9612E-02 -0.1056E+00
  0.3938E+01 -0.1460E+01 -0.1269E+00  0.2818E+01 -0.3645E+00 -0.2728E-01  0.4685E-01  0.8466E-02 -0.9702E-01
  0.3950E+01 -0.1434E+01 -0.1403E+00  0.2788E+01 -0.3717E+00 -0.2674E-01  0.4966E-01  0.7415E-02 -0.8882E-01
  0.3961E+01 -0.1408E+01 -0.1527E+00  0.2758E+01 -0.3791E+00 -0.2616E-01  0.5224E-01  0.6455E-02 -0.8097E-01
  0.3972E+01 -0.1383E+01 -0.1642E+00  0.2727E+01 -0.3868E+00 -0.2556E-01  0.5460E-01  0.5581E-02 -0.7349E-01
  0.3983E+01 -0.1358E+01 -0.1748E+00  0.2697E+01 -0.3947E+00 -0.2493E-01  0.5674E-01  0.4790E-02 -0.6637E-01
  0.3995E+01 -0.1333E+01 -0.1844E+00  0.2667E+01 -0.4028E+00 -0.2427E-01  0.5866E-01  0.4078E-02 -0.5961E-01
  0.4006E+01 -0.1309E+01 -0.1931E+00  0.2638E+01 -0.4112E+00 -0.2360E-01  0.6035E-01  0.3439E-02 -0.5322E-01
  0.4017E+01 -0.1286E+01 -0.2009E+00  0.2608E+01 -0.4199E+00 -0.2291E-01  0.6183E-01  0.2872E-02 -0.4719E-01
  0.4029E+01 -0.1262E+01 -0.2077E+00  0.2579E+01 -0.4288E+00 -0.2220E-01  0.6308E-01  0.2370E-02 -0.4152E-01
  0.4040E+01 -0.1239E+01 -0.2136E+00  0.2550E+01 -0.4381E+00 -0.2148E-01  0.6411E-01  0.1931E-02 -0.3621E-01
  0.4051E+01 -0.1216E+01 -0.2186E+00  0.2521E+01 -0.4476E+00 -0.2075E-01  0.6492E-01  0.1549E-02 -0.3127E-01
  0.4063E+01 -0.1194E+01 -0.2226E+00  0.2492E+01 -0.4575E+00 -0.2001E-01  0.6550E-01  0.1222E-02 -0.2669E-01
  0.4074E+01 -0.1172E+01 -0.2258E+00  0.2464E+01 -0.4677E+00 -0.1927E-01  0.6587E-01  0.9437E-03 -0.2247E-01
  0.4085E+01 -0.1150E+01 -0.2279E+00  0.2436E+01 -0.4783E+00 -0.1852E-01  0.6601E-01  0.7116E-03 -0.1862E-01
  0.4097E+01 -0.1129E+01 -0.2292E+00  0.2408E+01 -0.4892E+00 -0.1778E-01  0.6593E-01  0.5210E-03 -0.1512E-01
  0.4108E+01 -0.1107E+01 -0.2295E+00  0.2381E+01 -0.5006E+00 -0.1703E-01  0.6563E-01  0.3679E-03 -0.1199E-01
  0.4119E+01 -0.1086E+01 -0.2289E+00  0.2355E+01 -0.5123E+00 -0.1629E-01  0.6511E-01  0.2482E-03 -0.9225E-02
  0.4131E+01 -0.1066E+01 -0.2274E+00  0.2329E+01 -0.5245E+00 -0.1556E-01  0.6437E-01  0.1578E-03 -0.6820E-02
  0.4142E+01 -0.1045E+01 -0.2249E+00  0.2304E+01 -0.5372E+00 -0.1484E-01  0.6340E-01  0.9251E-04 -0.4777E-02
  0.4153E+01 -0.1025E+01 -0.2215E+00  0.2280E+01 -0.5503E+00 -0.1413E-01  0.6221E-01  0.4829E-04 -0.3097E-02
  0.4165E+01 -0.1005E+01 -0.2171E+00  0.2256E+01 -0.5640E+00 -0.1343E-01  0.6081E-01  0.2104E-04 -0.1780E-02
  0.4176E+01 -0.9849E+00 -0.2119E+00  0.2234E+01 -0.5782E+00 -0.1275E-01  0.5918E-01  0.6640E-05 -0.8251E-03
  0.4187E+01 -0.9652E+00 -0.2057E+00  0.2212E+01 -0.5930E+00 -0.1209E-01  0.5732E-01  0.9955E-06 -0.2329E-03
  0.4198E+01 -0.9456E+00 -0.1985E+00  0.2192E+01 -0.6084E+00 -0.1145E-01  0.5525E-01  0.1621E-08 -0.3223E-05
  0.4210E+01 -0.9261E+00 -0.1901E+00  0.2173E+01 -0.6246E+00 -0.1084E-01  0.5305E-01  0.0000E+00 -0.0000E+00
  0.4221E+01 -0.9067E+00 -0.1798E+00  0.2153E+01 -0.6414E+00 -0.1025E-01  0.5090E-01  0.0000E+00 -0.0000E+00
  0.4232E+01 -0.8874E+00 -0.1677E+00  0.2134E+01 -0.6591E+00 -0.9689E-02  0.4880E-01  0.0000E+00 -0.0000E+00
  0.4244E+01 -0.8682E+00 -0.1537E+00  0.2114E+01 -0.6776E+00 -0.9148E-02  0.4675E-01  0.0000E+00 -0.0000E+00
  0.4255E+01 -0.8490E+00 -0.1378E+00  0.2094E+01 -0.6970E+00 -0.8631E-02  0.4474E-01  0.0000E+00 -0.0000E+00
  0.4266E+01 -0.8299E+00 -0.1201E+00  0.2074E+01 -0.7173E+00 -0.8135E-02  0.4278E-01  0.0000E+00 -0.0000E+00
  0.4278E+01 -0.8107E+00 -0.1008E+00  0.2053E+01 -0.7386E+00 -0.7662E-02  0.4086E-01  0.0000E+00 -0.0000E+00
  0.4289E+01 -0.7916E+00 -0.8163E-01  0.2033E+01 -0.7610E+00 -0.7210E-02  0.3900E-01  0.0000E+00 -0.0000E+00
  0.4300E+01 -0.7725E+00 -0.6297E-01  0.2012E+01 -0.7846E+00 -0.6779E-02  0.3718E-01  0.0000E+00 -0.0000E+00
  0.4312E+01 -0.7534E+00 -0.4482E-01  0.1991E+01 -0.8094E+00 -0.6369E-02  0.3541E-01  0.0000E+00 -0.0000E+00
  0.4323E+01 -0.7343E+00 -0.2716E-01  0.1970E+01 -0.8356E+00 -0.5978E-02  0.3368E-01  0.0000E+00 -0.0000E+00
  0.4334E+01 -0.7153E+00 -0.1000E-01  0.1948E+01 -0.8632E+00 -0.5606E-02  0.3201E-01  0.0000E+00 -0.0000E+00
  0.4346E+01 -0.6964E+00  0.6649E-02  0.1927E+01 -0.8924E+00 -0.5253E-02  0.3038E-01  0.0000E+00 -0.0000E+00
  0.4357E+01 -0.6774E+00  0.2280E-01  0.1905E+01 -0.9233E+00 -0.4919E-02  0.2880E-01  0.0000E+00 -0.0000E+00
  0.4368E+01 -0.6586E+00  0.3845E-01  0.1883E+01 -0.9560E+00 -0.4601E-02  0.2726E-01  0.0000E+00 -0.0000E+00
  0.4380E+01 -0.6398E+00  0.5360E-01  0.1861E+01 -0.9907E+00 -0.4301E-02  0.2577E-01  0.0000E+00 -0.0000E+00
  0.4391E+01 -0.6211E+00  0.6825E-01  0.1838E+01 -0.1027E+01 -0.4018E-02  0.2433E-01  0.0000E+00 -0.0000E+00
  0.4402E+01 -0.6024E+00  0.8240E-01  0.1815E+01 -0.1067E+01 -0.3751E-02  0.2294E-01  0.0000E+00 -0.0000E+00
  0.4413E+01 -0.5839E+00  0.9604E-01  0.1792E+01 -0.1108E+01 -0.3499E-02  0.2159E-01  0.0000E+00 -0.0000E+00
  0.4425E+01 -0.5654E+00  0.1092E+00  0.1768E+01 -0.1153E+01 -0.3262E-02  0.2030E-01  0.0000E+00 -0.0000E+00
  0.4436E+01 -0.5471E+00  0.1218E+00  0.1745E+01 -0.1201E+01 -0.3039E-02  0.1905E-01  0.0000E+00 -0.0000E+00
  0.4447E+01 -0.5288E+00  0.1340E+00  0.1721E+01 -0.1252E+01 -0.2830E-02  0.1784E-01  0.0000E+00 -0.0000E+00
  0.4459E+01 -0.5107E+00  0.1456E+00  0.1696E+01 -0.1306E+01 -0.2635E-02  0.1669E-01  0.0000E+00 -0.0000E+00
  0.4470E+01 -0.4927E+00  0.1567E+00  0.1671E+01 -0.1365E+01 -0.2453E-02  0.1558E-01  0.0000E+00 -0.0000E+00
  0.4481E+01 -0.4749E+00  0.1674E+00  0.1646E+01 -0.1428E+01 -0.2282E-02  0.1451E-01  0.0000E+00 -0.0000E+00
  0.4493E+01 -0.4572E+00  0.1775E+00  0.1621E+01 -0.1497E+01 -0.2124E-02  0.1350E-01  0.0000E+00 -0.0000E+00
  0.4504E+01 -0.4397E+00  0.1872E+00  0.1595E+01 -0.1571E+01 -0.1977E-02  0.1253E-01  0.0000E+00 -0.0000E+00
  0.4515E+01 -0.4223E+00  0.1963E+00  0.1569E+01 -0.1651E+01 -0.1840E-02  0.1161E-01  0.0000E+00 -0.0000E+00
  0.4527E+01 -0.4051E+00  0.2049E+00  0.1542E+01 -0.1739E+01 -0.1714E-02  0.1074E-01  0.0000E+00 -0.0000E+00
  0.4538E+01 -0.3880E+00  0.2131E+00  0.1515E+01 -0.1834E+01 -0.1597E-02  0.9916E-02  0.0000E+00 -0.0000E+00
  0.4549E+01 -0.3712E+00  0.2207E+00  0.1487E+01 -0.1939E+01 -0.1489E-02  0.9138E-02  0.0000E+00 -0.0000E+00
  0.4561E+01 -0.3546E+00  0.2278E+00  0.1459E+01 -0.2054E+01 -0.1390E-02  0.8408E-02  0.0000E+00 -0.0000E+00
  0.4572E+01 -0.3382E+00  0.2344E+00  0.1430E+01 -0.2180E+01 -0.1299E-02  0.7724E-02  0.0000E+00 -0.0000E+00
  0.4583E+01 -0.3220E+00  0.2406E+00  0.1400E+01 -0.2321E+01 -0.1215E-02  0.7088E-02  0.0000E+00 -0.0000E+00
  0.4595E+01 -0.3060E+00  0.2462E+00  0.1370E+01 -0.2477E+01 -0.1138E-02  0.6500E-02  0.0000E+00 -0.0000E+00
  0.4606E+01 -0.2903E+00  0.2513E+00  0.1339E+01 -0.2651E+01 -0.1067E-02  0.5959E-02  0.0000E+00 -0.0000E+00
  0.4617E+01 -0.2748E+00  0.2559E+00  0.1308E+01 -0.2847E+01 -0.1003E-02  0.5465E-02  0.0000E+00 -0.0000E+00
  0.4629E+01 -0.2596E+00  0.2600E+00  0.1276E+01 -0.3068E+01 -0.9436E-03  0.5018E-02  0.0000E+00 -0.0000E+00
  0.4640E+01 -0.2447E+00  0.2637E+00  0.1243E+01 -0.3320E+01 -0.8892E-03  0.4619E-02  0.0000E+00 -0.0000E+00
  0.4651E+01 -0.2301E+00  0.2668E+00  0.1209E+01 -0.3607E+01 -0.8389E-03  0.4267E-02  0.0000E+00 -0.0000E+00
  0.4662E+01 -0.2158E+00  0.2694E+00  0.1174E+01 -0.3939E+01 -0.7924E-03  0.3962E-02  0.0000E+00 -0.0000E+00
  0.4674E+01 -0.2018E+00  0.2715E+00  0.1138E+01 -0.4325E+01 -0.7491E-03  0.3704E-02  0.0000E+00 -0.0000E+00
  0.4685E+01 -0.1882E+00  0.2731E+00  0.1101E+01 -0.4779E+01 -0.7084E-03  0.3494E-02  0.0000E+00 -0.0000E+00
  0.4696E+01 -0.1749E+00  0.2742E+00  0.1062E+01 -0.5317E+01 -0.6698E-03  0.3331E-02  0.0000E+00 -0.0000E+00
  0.4708E+01 -0.1620E+00  0.2748E+00  0.1022E+01 -0.5965E+01 -0.6329E-03  0.3206E-02  0.0000E+00 -0.0000E+00
  0.4719E+01 -0.1495E+00  0.2747E+00  0.9806E+00 -0.6756E+01 -0.5973E-03  0.3084E-02  0.0000E+00 -0.0000E+00
  0.4730E+01 -0.1374E+00  0.2740E+00  0.9372E+00 -0.7739E+01 -0.5630E-03  0.2965E-02  0.0000E+00 -0.0000E+00
  0.4742E+01 -0.1258E+00  0.2726E+00  0.8917E+00 -0.8986E+01 -0.5302E-03  0.2849E-02  0.0000E+00 -0.0000E+00
  0.4753E+01 -0.1146E+00  0.2706E+00  0.8437E+00 -0.1061E+02 -0.4986E-03  0.2734E-02  0.0000E+00 -0.0000E+00
  0.4764E+01 -0.1039E+00  0.2679E+00  0.7929E+00 -0.1278E+02 -0.4683E-03  0.2622E-02  0.0000E+00 -0.0000E+00
  0.4776E+01 -0.9383E-01  0.2645E+00  0.7385E+00 -0.1582E+02 -0.4392E-03  0.2513E-02  0.0000E+00 -0.0000E+00
  0.4787E+01 -0.8430E-01  0.2605E+00  0.6798E+00 -0.2028E+02 -0.4114E-03  0.2405E-02  0.0000E+00 -0.0000E+00
  0.4798E+01 -0.7542E-01  0.2558E+00  0.6155E+00 -0.2732E+02 -0.3848E-03  0.2300E-02  0.0000E+00 -0.0000E+00
  0.4810E+01 -0.6725E-01  0.2505E+00  0.5437E+00 -0.3964E+02 -0.3593E-03  0.2198E-02  0.0000E+00 -0.0000E+00
  0.4821E+01 -0.5989E-01  0.2445E+00  0.4608E+00 -0.6510E+02 -0.3350E-03  0.2098E-02  0.0000E+00 -0.0000E+00
  0.4832E+01 -0.5349E-01  0.2378E+00  0.3593E+00 -0.1373E+03 -0.3118E-03  0.2000E-02  0.0000E+00 -0.0000E+00
  0.4844E+01 -0.4832E-01  0.2305E+00  0.2142E+00 -0.6485E+03 -0.2897E-03  0.1904E-02  0.0000E+00 -0.0000E+00
  0.4855E+01 -0.4533E-01  0.2227E+00         NaN   +Infinity -0.2687E-03  0.1811E-02  0.0000E+00 -0.0000E+00
  0.4866E+01 -0.4319E-01  0.2148E+00         NaN   +Infinity -0.2488E-03  0.1720E-02  0.0000E+00 -0.0000E+00
  0.4877E+01 -0.4112E-01  0.2071E+00         NaN   +Infinity -0.2298E-03  0.1631E-02  0.0000E+00 -0.0000E+00
  0.4889E+01 -0.3913E-01  0.1996E+00         NaN   +Infinity -0.2118E-03  0.1545E-02  0.0000E+00 -0.0000E+00
  0.4900E+01 -0.3721E-01  0.1922E+00         NaN   +Infinity -0.1948E-03  0.1461E-02  0.0000E+00 -0.0000E+00
  0.4911E+01 -0.3536E-01  0.1849E+00         NaN   +Infinity -0.1787E-03  0.1380E-02  0.0000E+00 -0.0000E+00
  0.4923E+01 -0.3358E-01  0.1778E+00         NaN   +Infinity -0.1636E-03  0.1301E-02  0.0000E+00 -0.0000E+00
  0.4934E+01 -0.3187E-01  0.1709E+00         NaN   +Infinity -0.1493E-03  0.1224E-02  0.0000E+00 -0.0000E+00
  0.4945E+01 -0.3023E-01  0.1641E+00         NaN   +Infinity -0.1359E-03  0.1149E-02  0.0000E+00 -0.0000E+00
  0.4957E+01 -0.2866E-01  0.1574E+00         NaN   +Infinity -0.1233E-03  0.1077E-02  0.0000E+00 -0.0000E+00
  0.4968E+01 -0.2715E-01  0.1509E+00         NaN   +Infinity -0.1115E-03  0.1007E-02  0.0000E+00 -0.0000E+00
  0.4979E+01 -0.2570E-01  0.1446E+00         NaN   +Infinity -0.1005E-03  0.9398E-03  0.0000E+00 -0.0000E+00
  0.4991E+01 -0.2431E-01  0.1383E+00         NaN   +Infinity -0.9020E-04  0.8746E-03  0.0000E+00 -0.0000E+00
  0.5002E+01 -0.2299E-01  0.1323E+00         NaN   +Infinity -0.8066E-04  0.8118E-03  0.0000E+00 -0.0000E+00
  0.5013E+01 -0.2172E-01  0.1264E+00         NaN   +Infinity -0.7182E-04  0.7514E-03  0.0000E+00 -0.0000E+00
  0.5025E+01 -0.2051E-01  0.1206E+00         NaN   +Infinity -0.6365E-04  0.6932E-03  0.0000E+00 -0.0000E+00
  0.5036E+01 -0.1935E-01  0.1150E+00         NaN   +Infinity -0.5612E-04  0.6374E-03  0.0000E+00 -0.0000E+00
  0.5047E+01 -0.1825E-01  0.1096E+00         NaN   +Infinity -0.4921E-04  0.5840E-03  0.0000E+00 -0.0000E+00
  0.5059E+01 -0.1721E-01  0.1043E+00         NaN   +Infinity -0.4289E-04  0.5329E-03  0.0000E+00 -0.0000E+00
  0.5070E+01 -0.1621E-01  0.9914E-01         NaN   +Infinity -0.3714E-04  0.4841E-03  0.0000E+00 -0.0000E+00
  0.5081E+01 -0.1526E-01  0.9414E-01         NaN   +Infinity -0.3193E-04  0.4377E-03  0.0000E+00 -0.0000E+00
  0.5092E+01 -0.1436E-01  0.8929E-01         NaN   +Infinity -0.2723E-04  0.3936E-03  0.0000E+00 -0.0000E+00
  0.5104E+01 -0.1351E-01  0.8459E-01         NaN   +Infinity -0.2301E-04  0.3518E-03  0.0000E+00 -0.0000E+00
  0.5115E+01 -0.1270E-01  0.8004E-01         NaN   +Infinity -0.1926E-04  0.3124E-03  0.0000E+00 -0.0000E+00
  0.5126E+01 -0.1194E-01  0.7564E-01         NaN   +Infinity -0.1593E-04  0.2754E-03  0.0000E+00 -0.0000E+00
  0.5138E+01 -0.1122E-01  0.7139E-01         NaN   +Infinity -0.1302E-04  0.2406E-03  0.0000E+00 -0.0000E+00
  0.5149E+01 -0.1054E-01  0.6729E-01         NaN   +Infinity -0.1048E-04  0.2082E-03  0.0000E+00 -0.0000E+00
  0.5160E+01 -0.9902E-02  0.6334E-01         NaN   +Infinity -0.8294E-05  0.1782E-03  0.0000E+00 -0.0000E+00
  0.5172E+01 -0.9300E-02  0.5954E-01         NaN   +Infinity -0.6437E-05  0.1505E-03  0.0000E+00 -0.0000E+00
  0.5183E+01 -0.8735E-02  0.5589E-01         NaN   +Infinity -0.4880E-05  0.1251E-03  0.0000E+00 -0.0000E+00
  0.5194E+01 -0.8205E-02  0.5239E-01         NaN   +Infinity -0.3596E-05  0.1021E-03  0.0000E+00 -0.0000E+00
  0.5206E+01 -0.7708E-02  0.4904E-01         NaN   +Infinity -0.2561E-05  0.8139E-04  0.0000E+00 -0.0000E+00
  0.5217E+01 -0.7243E-02  0.4584E-01         NaN   +Infinity -0.1746E-05  0.6304E-04  0.0000E+00 -0.0000E+00
  0.5228E+01 -0.6809E-02  0.4279E-01         NaN   +Infinity -0.1125E-05  0.4704E-04  0.0000E+00 -0.0000E+00
  0.5240E+01 -0.6404E-02  0.3989E-01         NaN   +Infinity -0.6722E-06  0.3337E-04  0.0000E+00 -0.0000E+00
  0.5251E+01 -0.6027E-02  0.3714E-01         NaN   +Infinity -0.3609E-06  0.2204E-04  0.0000E+00 -0.0000E+00
  0.5262E+01 -0.5676E-02  0.3453E-01         NaN   +Infinity -0.1645E-06  0.1306E-04  0.0000E+00 -0.0000E+00
  0.5274E+01 -0.5349E-02  0.3208E-01         NaN   +Infinity -0.5657E-07  0.6409E-05  0.0000E+00 -0.0000E+00
  0.5285E+01 -0.5046E-02  0.2978E-01         NaN   +Infinity -0.1063E-07  0.2102E-05  0.0000E+00 -0.0000E+00
  0.5296E+01 -0.4765E-02  0.2763E-01         NaN   +Infinity -0.1739E-09  0.1355E-06  0.0000E+00 -0.0000E+00
  0.5307E+01 -0.4504E-02  0.2563E-01         NaN   +Infinity  0.0000E+00 -0.0000E+00  0.0000E+00 -0.0000E+00
  0.5319E+01 -0.4262E-02  0.2377E-01         NaN   +Infinity  0.0000E+00 -0.0000E+00  0.0000E+00 -0.0000E+00
  0.5330E+01 -0.4038E-02  0.2206E-01         NaN   +Infinity  0.0000E+00 -0.0000E+00  0.0000E+00 -0.0000E+00
  0.5341E+01 -0.3829E-02  0.2048E-01         NaN   +Infinity  0.0000E+00 -0.0000E+00  0.0000E+00 -0.0000E+00
  0.5353E+01 -0.3636E-02  0.1905E-01         NaN   +Infinity  0.0000E+00 -0.0000E+00  0.0000E+00 -0.0000E+00
  0.5364E+01 -0.3456E-02  0.1776E-01         NaN   +Infinity  0.0000E+00 -0.0000E+00  0.0000E+00 -0.0000E+00
  0.5375E+01 -0.3287E-02  0.1661E-01         NaN   +Infinity  0.0000E+00 -0.0000E+00  0.0000E+00 -0.0000E+00
  0.5387E+01 -0.3130E-02  0.1560E-01         NaN   +Infinity  0.0000E+00 -0.0000E+00  0.0000E+00 -0.0000E+00
  0.5398E+01 -0.2981E-02  0.1473E-01         NaN   +Infinity  0.0000E+00 -0.0000E+00  0.0000E+00 -0.0000E+00
  0.5409E+01 -0.2840E-02  0.1401E-01         NaN   +Infinity  0.0000E+00 -0.0000E+00  0.0000E+00 -0.0000E+00
  0.5421E+01 -0.2706E-02  0.1343E-01         NaN   +Infinity  0.0000E+00 -0.0000E+00  0.0000E+00 -0.0000E+00
  0.5432E+01 -0.2577E-02  0.1297E-01         NaN   +Infinity  0.0000E+00 -0.0000E+00  0.0000E+00 -0.0000E+00
  0.5443E+01 -0.2452E-02  0.1255E-01         NaN   +Infinity  0.0000E+00 -0.0000E+00  0.0000E+00 -0.0000E+00
  0.5455E+01 -0.2331E-02  0.1214E-01         NaN   +Infinity  0.0000E+00 -0.0000E+00  0.0000E+00 -0.0000E+00
  0.5466E+01 -0.2214E-02  0.1173E-01         NaN   +Infinity  0.0000E+00 -0.0000E+00  0.0000E+00 -0.0000E+00
  0.5477E+01 -0.2101E-02  0.1132E-01         NaN   +Infinity  0.0000E+00 -0.0000E+00  0.0000E+00 -0.0000E+00
  0.5489E+01 -0.1992E-02  0.1093E-01         NaN   +Infinity  0.0000E+00 -0.0000E+00  0.0000E+00 -0.0000E+00
  0.5500E+01 -0.1887E-02  0.1054E-01         NaN   +Infinity  0.0000E+00 -0.0000E+00  0.0000E+00 -0.0000E+00
  0.5511E+01 -0.1785E-02  0.1016E-01         NaN   +Infinity  0.0000E+00 -0.0000E+00  0.0000E+00 -0.0000E+00
  0.5522E+01 -0.1688E-02  0.9785E-02         NaN   +Infinity  0.0000E+00 -0.0000E+00  0.0000E+00 -0.0000E+00
  0.5534E+01 -0.1593E-02  0.9418E-02         NaN   +Infinity  0.0000E+00 -0.0000E+00  0.0000E+00 -0.0000E+00
  0.5545E+01 -0.1503E-02  0.9057E-02         NaN   +Infinity  0.0000E+00 -0.0000E+00  0.0000E+00 -0.0000E+00
  0.5556E+01 -0.1416E-02  0.8704E-02         NaN   +Infinity  0.0000E+00 -0.0000E+00  0.0000E+00 -0.0000E+00
  0.5568E+01 -0.1332E-02  0.8358E-02         NaN   +Infinity  0.0000E+00 -0.0000E+00  0.0000E+00 -0.0000E+00
  0.5579E+01 -0.1252E-02  0.8019E-02         NaN   +Infinity  0.0000E+00 -0.0000E+00  0.0000E+00 -0.0000E+00
  0.5590E+01 -0.1175E-02  0.7687E-02         NaN   +Infinity  0.0000E+00 -0.0000E+00  0.0000E+00 -0.0000E+00
  0.5602E+01 -0.1101E-02  0.7362E-02         NaN   +Infinity  0.0000E+00 -0.0000E+00  0.0000E+00 -0.0000E+00
  0.5613E+01 -0.1031E-02  0.7044E-02         NaN   +Infinity  0.0000E+00 -0.0000E+00  0.0000E+00 -0.0000E+00
  0.5624E+01 -0.9633E-03  0.6733E-02         NaN   +Infinity  0.0000E+00 -0.0000E+00  0.0000E+00 -0.0000E+00
  0.5636E+01 -0.8988E-03  0.6429E-02         NaN   +Infinity  0.0000E+00 -0.0000E+00  0.0000E+00 -0.0000E+00
  0.5647E+01 -0.8372E-03  0.6132E-02         NaN   +Infinity  0.0000E+00 -0.0000E+00  0.0000E+00 -0.0000E+00
  0.5658E+01 -0.7786E-03  0.5842E-02         NaN   +Infinity  0.0000E+00 -0.0000E+00  0.0000E+00 -0.0000E+00
  0.5670E+01 -0.7227E-03  0.5559E-02         NaN   +Infinity  0.0000E+00 -0.0000E+00  0.0000E+00 -0.0000E+00
  0.5681E+01 -0.6696E-03  0.5283E-02         NaN   +Infinity  0.0000E+00 -0.0000E+00  0.0000E+00 -0.0000E+00
  0.5692E+01 -0.6191E-03  0.5015E-02         NaN   +Infinity  0.0000E+00 -0.0000E+00  0.0000E+00 -0.0000E+00
  0.5704E+01 -0.5713E-03  0.4753E-02         NaN   +Infinity  0.0000E+00 -0.0000E+00  0.0000E+00 -0.0000E+00
  0.5715E+01 -0.5260E-03  0.4498E-02         NaN   +Infinity  0.0000E+00 -0.0000E+00  0.0000E+00 -0.0000E+00
  0.5726E+01 -0.4831E-03  0.4250E-02         NaN   +Infinity  0.0000E+00 -0.0000E+00  0.0000E+00 -0.0000E+00
  0.5737E+01 -0.4426E-03  0.4009E-02         NaN   +Infinity  0.0000E+00 -0.0000E+00  0.0000E+00 -0.0000E+00
  0.5749E+01 -0.4045E-03  0.3776E-02         NaN   +Infinity  0.0000E+00 -0.0000E+00  0.0000E+00 -0.0000E+00
  0.5760E+01 -0.3686E-03  0.3549E-02         NaN   +Infinity  0.0000E+00 -0.0000E+00  0.0000E+00 -0.0000E+00
  0.5771E+01 -0.3349E-03  0.3329E-02         NaN   +Infinity  0.0000E+00 -0.0000E+00  0.0000E+00 -0.0000E+00
  0.5783E+01 -0.3033E-03  0.3116E-02         NaN   +Infinity  0.0000E+00 -0.0000E+00  0.0000E+00 -0.0000E+00
  0.5794E+01 -0.2738E-03  0.2911E-02         NaN   +Infinity  0.0000E+00 -0.0000E+00  0.0000E+00 -0.0000E+00
  0.5805E+01 -0.2463E-03  0.2712E-02         NaN   +Infinity  0.0000E+00 -0.0000E+00  0.0000E+00 -0.0000E+00
  0.5817E+01 -0.2206E-03  0.2520E-02         NaN   +Infinity  0.0000E+00 -0.0000E+00  0.0000E+00 -0.0000E+00
  0.5828E+01 -0.1968E-03  0.2336E-02         NaN   +Infinity  0.0000E+00 -0.0000E+00  0.0000E+00 -0.0000E+00
  0.5839E+01 -0.1748E-03  0.2158E-02         NaN   +Infinity  0.0000E+00 -0.0000E+00  0.0000E+00 -0.0000E+00
  0.5851E+01 -0.1545E-03  0.1988E-02         NaN   +Infinity  0.0000E+00 -0.0000E+00  0.0000E+00 -0.0000E+00
  0.5862E+01 -0.1358E-03  0.1824E-02         NaN   +Infinity  0.0000E+00 -0.0000E+00  0.0000E+00 -0.0000E+00
  0.5873E+01 -0.1187E-03  0.1668E-02         NaN   +Infinity  0.0000E+00 -0.0000E+00  0.0000E+00 -0.0000E+00
  0.5885E+01 -0.1031E-03  0.1518E-02         NaN   +Infinity  0.0000E+00 -0.0000E+00  0.0000E+00 -0.0000E+00
  0.5896E+01 -0.8896E-04  0.1376E-02         NaN   +Infinity  0.0000E+00 -0.0000E+00  0.0000E+00 -0.0000E+00
  0.5907E+01 -0.7615E-04  0.1240E-02         NaN   +Infinity  0.0000E+00 -0.0000E+00  0.0000E+00 -0.0000E+00
  0.5919E+01 -0.6463E-04  0.1112E-02         NaN   +Infinity  0.0000E+00 -0.0000E+00  0.0000E+00 -0.0000E+00
  0.5930E+01 -0.5433E-04  0.9903E-03         NaN   +Infinity  0.0000E+00 -0.0000E+00  0.0000E+00 -0.0000E+00
  0.5941E+01 -0.4519E-04  0.8759E-03         NaN   +Infinity  0.0000E+00 -0.0000E+00  0.0000E+00 -0.0000E+00
  0.5952E+01 -0.3714E-04  0.7685E-03         NaN   +Infinity  0.0000E+00 -0.0000E+00  0.0000E+00 -0.0000E+00
  0.5964E+01 -0.3011E-04  0.6681E-03         NaN   +Infinity  0.0000E+00 -0.0000E+00  0.0000E+00 -0.0000E+00
  0.5975E+01 -0.2403E-04  0.5748E-03         NaN   +Infinity  0.0000E+00 -0.0000E+00  0.0000E+00 -0.0000E+00
  0.5986E+01 -0.1882E-04  0.4884E-03         NaN   +Infinity  0.0000E+00 -0.0000E+00  0.0000E+00 -0.0000E+00
  0.5998E+01 -0.1443E-04  0.4091E-03         NaN   +Infinity  0.0000E+00 -0.0000E+00  0.0000E+00 -0.0000E+00
  0.6009E+01 -0.1078E-04  0.3369E-03         NaN   +Infinity  0.0000E+00 -0.0000E+00  0.0000E+00 -0.0000E+00
  0.6020E+01 -0.7804E-05  0.2716E-03         NaN   +Infinity  0.0000E+00 -0.0000E+00  0.0000E+00 -0.0000E+00
  0.6032E+01 -0.5433E-05  0.2133E-03         NaN   +Infinity  0.0000E+00 -0.0000E+00  0.0000E+00 -0.0000E+00
  0.6043E+01 -0.3599E-05  0.1621E-03         NaN   +Infinity  0.0000E+00 -0.0000E+00  0.0000E+00 -0.0000E+00
  0.6054E+01 -0.2233E-05  0.1179E-03         NaN   +Infinity  0.0000E+00 -0.0000E+00  0.0000E+00 -0.0000E+00
  0.6066E+01 -0.1265E-05  0.8074E-04         NaN   +Infinity  0.0000E+00 -0.0000E+00  0.0000E+00 -0.0000E+00
  0.6077E+01 -0.6272E-06  0.5058E-04         NaN   +Infinity  0.0000E+00 -0.0000E+00  0.0000E+00 -0.0000E+00
  0.6088E+01 -0.2506E-06  0.2744E-04         NaN   +Infinity  0.0000E+00 -0.0000E+00  0.0000E+00 -0.0000E+00
  0.6100E+01 -0.6642E-07  0.1132E-04         NaN   +Infinity  0.0000E+00 -0.0000E+00  0.0000E+00 -0.0000E+00
  0.6111E+01 -0.5782E-08  0.2224E-05         NaN   +Infinity  0.0000E+00 -0.0000E+00  0.0000E+00 -0.0000E+00
  0.6122E+01  0.0000E+00 -0.0000E+00         NaN   +Infinity  0.0000E+00 -0.0000E+00  0.0000E+00 -0.0000E+00
  0.6134E+01  0.0000E+00 -0.0000E+00         NaN   +Infinity  0.0000E+00 -0.0000E+00  0.0000E+00 -0.0000E+00
  0.6145E+01  0.0000E+00 -0.0000E+00         NaN   +Infinity  0.0000E+00 -0.0000E+00  0.0000E+00 -0.0000E+00
  0.6156E+01  0.0000E+00 -0.0000E+00         NaN   +Infinity  0.0000E+00 -0.0000E+00  0.0000E+00 -0.0000E+00
  0.6167E+01  0.0000E+00 -0.0000E+00         NaN   +Infinity  0.0000E+00 -0.0000E+00  0.0000E+00 -0.0000E+00
  0.6179E+01  0.0000E+00 -0.0000E+00         NaN   +Infinity  0.0000E+00 -0.0000E+00  0.0000E+00 -0.0000E+00
  0.6190E+01  0.0000E+00 -0.0000E+00         NaN   +Infinity  0.0000E+00 -0.0000E+00  0.0000E+00 -0.0000E+00
  0.6201E+01  0.0000E+00 -0.0000E+00         NaN   +Infinity  0.0000E+00 -0.0000E+00  0.0000E+00 -0.0000E+00
  0.6213E+01  0.0000E+00 -0.0000E+00         NaN   +Infinity  0.0000E+00 -0.0000E+00  0.0000E+00 -0.0000E+00
  0.6224E+01  0.0000E+00 -0.0000E+00         NaN   +Infinity  0.0000E+00 -0.0000E+00  0.0000E+00 -0.0000E+00
  0.6235E+01  0.0000E+00 -0.0000E+00         NaN   +Infinity  0.0000E+00 -0.0000E+00  0.0000E+00 -0.0000E+00
